((("moe-dark" .
   [1 0 0 0 0 0 0 0])
  ("load-theme" .
   [1 0 0 0 0 0 0 0 0 0])
  (":config" .
   [1 0 0 0 0 0 0])
  ("defvar" .
   [1 0 0 0 0 0])
  ("tabbar" .
   [1 0 0 0 0 0])
  ("tabbar-mode" .
   [1 0 0 0 0 0 0 0 0 0 0])
  ("iostream" .
   [1 0 0 0 0 0 0 0])
  ("string" .
   [4 0 0 0 0 0])
  ("std" .
   [8 0 0])
  ("cin" .
   [6 0 0])
  ("cout" .
   [9 0 0 0])
  ("endl" .
   [7 0 0 0])
  ("main" .
   [1 0 0 0])
  ("name" .
   [3 0 0 0])
  ("midterm" .
   [10 0 0 0 0 0 0])
  ("a" .
   [1])
  ("fin" .
   [3 0 0])
  ("homework" .
   [18 0 0 0 1 0 0 0])
  ("sum" .
   [5 0 0])
  ("streamsize" .
   [0 0 0 0 0 0 0 1 0 0])
  ("setprecision" .
   [3 0 0 0 0 0 0 0 0 0 0 0])
  ("count" .
   [1 0 0 0 0])
  ("perc" .
   [1 0 0 0])
  ("vector" .
   [5 0 0 0 0 0])
  ("size_type" .
   [1 0 0 0 0 0 0 0 0])
  ("vec_sz" .
   [1 0 0 0 1 0])
  ("size" .
   [7 0 0 0])
  ("end" .
   [2 0 0])
  ("median" .
   [11 0 0 0 0 0])
  ("mid" .
   [4 0 0])
  ("grade" .
   [4 0 0 0 0])
  ("vec" .
   [6 0 0])))
